0  1  0  R  -1
1  1.41  2  U  -1
2  1.62  42  UR  -1
3  1.82  85  U  -1
4  2.02  85  U  -1
5  2.23  45  R  -1
6  2.43  7  UR  -1
7  2.64  49  L  -1
8  2.84  87  UL  -1
9  3.05  85  R  -1
10  3.25  47  N  -1
11  3.45  7  UR  -1
12  3.65  49  N  -1
13  3.85  89  R  -1
14  4.06  92  UR  -1
15  4.26  54  R  -1
16  4.46  17  U  -10
17  0.2  0  R  -1
18  0.4  42  UR  -1
19  0.61  44  U  -1
20  0.81  4  UR  -1
21  1.02  47  N  -1
22  1.22  87  N  -1
23  1.43  87  L  -1
24  1.64  44  UR  -1
25  1.84  7  R  -1
26  2.04  89  UR  -1
27  2.24  92  R  -1
28  2.44  94  N  -1
29  2.65  54  UL  -1
30  2.86  12  UL  -1
31  3.06  89  UR  -1
32  3.27  92  U  -1
33  3.47  92  UR  -1
34  3.67  54  N  -1
35  3.88  14  N  -1
36  4.08  14  UR  -1
37  4.28  57  L  -1
38  4.49  94  L  -1
39  4.69  92  L  -1
40  4.9  49  R  -1
41  5.1  12  UR  -1
42  5.31  54  U  -1
43  5.51  94  UR  -1
44  5.71  97  UL  -1
45  5.91  54  R  -1
46  6.12  17  UL  -10
47  0.21  0  R  -1
48  0.41  42  UR  -1
49  0.61  44  L  -1
50  0.81  2  UL  -1
51  1.01  40  U  -1
52  1.22  80  R  -1
53  1.42  82  N  -1
54  1.63  42  R  -1
55  1.83  5  UL  -1
56  2.03  42  N  -1
57  2.23  82  R  -1
58  2.44  85  N  -1
59  2.64  45  U  -1
60  2.85  5  R  -1
61  3.06  87  U  -1
62  3.26  87  UL  -1
63  3.47  85  UR  -1
64  3.67  47  UR  -1
65  3.87  49  UL  -1
66  4.07  87  UL  -1
67  4.28  85  U  -1
68  4.48  85  L  -1
69  4.68  42  R  -1
70  4.89  5  L  -1
71  5.09  2  UR  -1
72  5.29  45  L  -1
73  5.49  82  R  -1
74  5.7  85  UR  -1
75  5.9  47  U  -1
76  6.1  7  N  -1
77  6.31  87  R  -1
78  6.52  90  R  -1
79  6.72  92  U  -1
80  6.92  52  UR  2
81  7.12  14  R  -1
82  7.33  97  L  -1
83  7.53  94  UR  -1
84  7.73  97  L  -1
85  7.93  54  R  -1
86  8.14  17  UR  -10
87  0.2  0  R  -1
88  0.41  42  U  -1
89  0.61  42  L  -1
90  0.81  0  N  -1
91  1.01  0  UR  -1
92  1.21  42  U  -1
93  1.41  82  UR  -1
94  1.61  84  L  -1
95  1.81  42  R  -1
96  2.02  4  U  -1
97  2.22  44  L  -1
98  2.42  82  R  -1
99  2.62  84  UR  -1
100  2.83  47  L  -1
101  3.03  4  U  -1
102  3.23  44  L  -1
103  3.44  82  UL  -1
104  3.64  80  N  -1
105  3.84  40  N  -1
106  4.05  0  UR  -1
107  4.26  42  UR  -1
108  4.46  84  UL  -1
109  4.66  82  U  -1
110  4.87  42  UR  -1
111  5.07  4  UR  -1
112  5.27  87  U  -1
113  5.48  87  L  -1
114  5.68  84  UR  -1
115  5.88  47  UR  -1
116  6.09  9  UL  -1
117  6.29  87  R  -1
118  6.5  89  UR  -1
119  6.7  92  UL  -1
120  6.9  49  UR  -1
121  7.1  52  U  2
122  7.3  92  L  -1
123  7.51  89  U  -1
124  7.71  89  R  -1
125  7.91  12  UR  -1
126  8.11  54  L  -1
127  8.32  92  N  -1
128  8.52  92  L  -1
129  8.72  89  L  -1
130  8.92  7  N  -1
131  9.13  7  R  -1
132  9.33  9  N  -1
133  9.54  9  UL  -1
134  9.74  47  N  -1
135  9.95  87  UL  -1
136  10.15  85  L  -1
137  10.35  42  N  -1
138  10.56  2  UL  -1
139  10.76  40  N  -1
140  10.96  80  UR  -1
141  11.17  82  N  -1
142  11.37  42  UR  -1
143  11.57  5  L  -1
144  11.77  82  UR  -1
145  11.98  84  N  -1
146  12.18  84  N  -1
147  12.38  44  U  -1
148  12.58  4  U  -1
149  12.78  84  L  -1
150  12.99  82  N  -1
151  13.19  82  N  -1
152  13.39  42  U  -1
153  13.6  42  N  -1
154  13.8  82  UR  -1
155  14  85  UR  -1
156  14.21  87  L  -1
157  14.41  45  UR  -1
158  14.61  47  UR  -1
159  14.82  89  R  -1
160  15.02  92  UL  -1
161  15.23  90  U  -1
162  15.43  10  UL  -1
163  15.63  47  R  -1
164  15.83  90  UR  -1
165  16.03  92  UL  -1
166  16.24  50  L  -1
167  16.44  7  N  -1
168  16.65  7  UL  -1
169  16.85  45  U  -1
170  17.05  85  UL  -1
171  17.26  82  UL  -1
172  17.46  40  UL  -1
173  17.66  0  UR  -1
174  17.87  82  N  -1
175  18.07  82  N  -1
176  18.28  82  UR  -1
177  18.48  44  R  -1
178  18.69  7  R  -1
179  18.89  9  L  -1
180  19.09  7  L  -1
181  19.29  4  L  -1
182  19.5  2  UL  -1
183  19.7  40  U  -1
184  19.9  80  UR  -1
185  20.11  82  U  -1
186  20.31  42  UR  -1
187  20.52  4  R  -1
188  20.72  87  N  -1
189  20.93  87  R  -1
190  21.13  89  UL  -1
191  21.33  47  UL  -1
192  21.54  44  UL  -1
193  21.74  82  N  -1
194  21.95  82  L  -1
195  22.15  80  UR  -1
196  22.35  42  N  -1
197  22.56  2  L  -1
198  22.76  0  L  -1
199  22.97  0  U  -1
200  23.17  40  N  -1
201  23.37  80  U  -1
202  23.58  80  UR  -1
203  23.78  42  L  -1
204  23.99  0  U  -1
205  24.19  40  R  -1
206  24.39  82  L  -1
207  24.59  80  L  -1
208  24.8  40  R  -1
209  25  2  L  -1
210  25.21  0  L  -1
211  25.41  0  UL  -1
212  25.61  40  N  -1
213  25.82  80  R  -1
214  26.02  82  U  -1
215  26.22  42  N  -1
216  26.43  2  UR  -1
217  26.63  44  L  -1
218  26.84  82  R  -1
219  27.04  84  R  -1
220  27.24  47  UR  -1
221  27.44  9  UL  -1
222  27.65  87  UR  -1
223  27.85  89  UL  -1
224  28.05  87  UR  -1
225  28.26  49  UR  -1
226  28.46  12  N  -1
227  28.66  92  N  -1
228  28.87  92  L  -1
229  29.07  89  R  -1
230  29.27  52  L  2
231  29.47  9  N  -1
232  29.68  9  R  -1
233  29.88  12  L  -1
234  30.09  9  UR  -1
235  30.29  52  UL  2
236  30.5  89  N  -1
237  30.7  89  N  -1
238  30.91  49  L  -1
239  31.11  7  R  -1
240  31.31  9  UR  -1
241  31.51  51  L  -1
242  31.71  89  R  -1
243  31.92  91  U  -1
244  32.12  51  UR  -1
245  32.32  14  N  -1
246  32.53  94  R  -1
247  32.73  96  N  -1
248  32.94  96  UL  -1
249  33.14  54  N  -1
250  33.34  14  N  -1
251  33.54  14  R  -1
252  33.75  16  R  -10
253  0.2  0  R  -1
254  0.4  2  R  -1
255  0.61  4  R  -1
256  0.81  7  UR  -1
257  1.01  49  U  -1
258  1.21  89  U  -1
259  1.41  89  N  -1
260  1.62  49  N  -1
261  1.82  9  R  -1
262  2.02  12  UL  -1
263  2.22  49  R  -1
264  2.42  92  N  -1
265  2.62  92  UL  -1
266  2.82  49  U  -1
267  3.03  9  N  -1
268  3.23  89  U  -1
269  3.44  89  L  -1
270  3.64  87  UL  -1
271  3.85  44  UR  -1
272  4.05  7  U  -1
273  4.25  87  R  -1
274  4.46  89  R  -1
275  4.67  92  U  -1
276  4.87  52  U  2
277  5.07  52  L  2
278  5.27  89  R  -1
279  5.47  92  UR  -1
280  5.67  94  L  -1
281  5.88  52  UR  2
282  6.09  54  UL  -1
283  6.29  92  N  -1
284  6.49  92  U  -1
285  6.7  92  U  -1
286  6.9  12  N  -1
287  7.1  12  L  -1
288  7.31  9  N  -1
289  7.51  9  UR  -1
290  7.72  52  R  2
291  7.92  94  N  -1
292  8.13  94  L  -1
293  8.33  52  U  2
294  8.54  12  UL  -1
295  8.74  89  L  -1
296  8.94  87  UL  -1
297  9.14  85  L  -1
298  9.34  42  UR  -1
299  9.54  45  N  -1
300  9.75  85  N  -1
301  9.95  85  U  -1
302  10.15  85  R  -1
303  10.36  47  L  -1
304  10.56  5  R  -1
305  10.76  7  N  -1
306  10.97  7  R  -1
307  11.18  9  U  -1
308  11.38  49  U  -1
309  11.58  89  U  -1
310  11.78  89  N  -1
311  11.99  49  UL  -1
312  12.19  7  U  -1
313  12.39  87  R  -1
314  12.59  89  N  -1
315  12.8  89  U  -1
316  13  49  U  -1
317  13.2  9  UR  -1
318  13.4  92  R  -1
319  13.6  94  R  -1
320  13.81  97  R  -1
321  14.01  59  L  -1
322  14.21  17  L  -10
323  0.2  0  R  -1
324  0.4  2  L  -1
325  0.6  0  R  -1
326  0.81  2  R  -1
327  1.01  4  R  -1
328  1.22  7  L  -1
329  1.42  4  U  -1
330  1.62  44  UL  -1
331  1.83  82  U  -1
332  2.03  82  U  -1
333  2.24  42  U  -1
334  2.44  2  L  -1
335  2.64  80  UR  -1
336  2.85  82  U  -1
337  3.05  82  UL  -1
338  3.25  40  N  -1
339  3.45  0  R  -1
340  3.66  2  L  -1
341  3.86  0  U  -1
342  4.06  40  N  -1
343  4.27  80  N  -1
344  4.48  80  L  -1
345  4.68  40  UR  -1
346  4.89  2  N  -1
347  5.09  82  UR  -1
348  5.29  84  U  -1
349  5.49  84  UR  -1
350  5.69  47  N  -1
351  5.9  7  R  -1
352  6.1  9  R  -1
353  6.3  11  UR  -1
354  6.5  54  L  -1
355  6.71  91  UR  -1
356  6.91  94  N  -1
357  7.12  54  N  -1
358  7.32  14  U  -1
359  7.52  54  UR  -1
360  7.73  96  UL  -1
361  7.93  94  UR  -1
362  8.14  56  N  -1
363  8.34  16  UR  -10
364  0.2  0  R  -1
365  0.4  42  R  -1
366  0.6  44  L  -1
367  0.81  2  L  -1
368  1.01  0  UL  -1
369  1.22  40  UR  -1
370  1.42  82  UL  -1
371  1.62  80  UR  -1
372  1.83  42  L  -1
373  2.03  0  UR  -1
374  2.24  42  R  -1
375  2.44  84  U  -1
376  2.64  84  N  -1
377  2.84  44  L  -1
378  3.04  2  UR  -1
379  3.25  44  U  -1
380  3.45  84  UL  -1
381  3.65  82  N  -1
382  3.86  42  L  -1
383  4.06  0  UR  -1
384  4.26  42  UR  -1
385  4.47  84  R  -1
386  4.67  87  UL  -1
387  4.87  44  UR  -1
388  5.08  7  L  -1
389  5.28  84  L  -1
390  5.49  82  U  -1
391  5.69  82  UR  -1
392  5.9  44  R  -1
393  6.1  7  UR  -1
394  6.3  49  UR  -1
395  6.5  92  L  -1
396  6.71  89  U  -1
397  6.91  49  UL  -1
398  7.11  7  R  -1
399  7.32  89  R  -1
400  7.52  92  N  -1
401  7.72  92  R  -1
402  7.93  54  U  -1
403  8.13  54  UL  -1
404  8.34  92  R  -1
405  8.54  94  N  -1
406  8.74  94  L  -1
407  8.95  52  UL  2
408  9.15  49  R  -1
409  9.35  92  UR  -1
410  9.56  94  N  -1
411  9.76  94  UL  -1
412  9.96  12  UR  -1
413  10.16  54  U  -1
414  10.37  94  U  -1
415  10.57  94  UL  -1
416  10.77  92  L  -1
417  10.97  9  UL  -1
418  11.18  47  L  -1
419  11.38  84  UR  -1
420  11.59  87  R  -1
421  11.79  49  L  -1
422  11.99  7  U  -1
423  12.19  47  L  -1
424  12.4  84  UL  -1
425  12.6  82  R  -1
426  12.8  44  R  -1
427  13.01  7  L  -1
428  13.21  4  UL  -1
429  13.42  42  UL  -1
430  13.62  80  N  -1
431  13.82  80  UL  -1
432  14.02  40  U  -1
433  14.23  0  UR  -1
434  14.43  82  N  -1
435  14.63  82  U  -1
436  14.84  82  N  -1
437  15.04  42  U  -1
438  15.24  2  UR  -1
439  15.44  84  U  -1
440  15.65  84  U  -1
441  15.85  84  N  -1
442  16.05  44  UL  -1
443  16.25  42  R  -1
444  16.46  84  N  -1
445  16.66  84  UL  -1
446  16.87  82  R  -1
447  17.07  4  L  -1
448  17.27  2  UL  -1
449  17.48  40  N  -1
450  17.68  80  UL  -1
451  17.88  80  R  -1
452  18.08  42  U  -1
453  18.29  2  UR  -1
454  18.49  84  U  -1
455  18.69  84  L  -1
456  18.9  82  L  -1
457  19.1  40  L  -1
458  19.3  0  U  -1
459  19.51  40  U  -1
460  19.71  80  U  -1
461  19.91  80  L  -1
462  20.11  40  UR  -1
463  20.32  2  U  -1
464  20.52  82  L  -1
465  20.72  80  N  -1
466  20.92  80  UL  -1
467  21.12  40  L  -1
468  21.33  0  UL  -1
469  21.53  40  U  -1
470  21.73  80  L  -1
471  21.93  80  U  -1
472  22.13  40  N  -1
473  22.33  0  N  -1
474  22.54  0  R  -1
475  22.74  2  UR  -1
476  22.94  44  UL  -1
477  23.14  82  UL  -1
478  23.34  80  UL  -1
479  23.55  40  L  -1
480  23.75  0  UR  -1
481  23.95  42  UL  -1
482  24.16  80  U  -1
483  24.36  80  R  -1
484  24.56  42  N  -1
485  24.76  2  N  -1
486  24.97  2  UR  -1
487  25.17  44  N  -1
488  25.38  84  UR  -1
489  25.58  87  UL  -1
490  25.78  44  R  -1
491  25.98  7  U  -1
492  26.18  47  R  -1
493  26.39  89  R  -1
494  26.59  92  R  -1
495  26.8  54  R  -1
496  27  17  UL  -10
497  0.2  0  R  -1
498  0.4  42  N  -1
499  0.61  42  N  -1
500  0.81  2  U  -1
501  1.01  42  R  -1
502  1.22  84  R  -1
503  1.43  87  R  -1
504  1.63  49  L  -1
505  1.83  7  UR  -1
506  2.04  49  UL  -1
507  2.24  87  U  -1
508  2.44  87  N  -1
509  2.64  47  UR  -1
510  2.85  9  N  -1
511  3.05  89  R  -1
512  3.25  92  UL  -1
513  3.46  89  U  -1
514  3.66  49  N  -1
515  3.86  9  N  -1
516  4.07  9  U  -1
517  4.27  49  U  -1
518  4.48  89  N  -1
519  4.68  89  N  -1
520  4.88  49  UL  -1
521  5.08  7  UR  -1
522  5.28  89  N  -1
523  5.48  89  UR  -1
524  5.69  92  L  -1
525  5.89  49  UL  -1
526  6.09  7  U  -1
527  6.29  87  N  -1
528  6.5  87  UR  -1
529  6.7  89  UR  -1
530  6.9  52  L  2
531  7.1  9  UL  -1
532  7.31  47  L  -1
533  7.51  84  L  -1
534  7.72  82  N  -1
535  7.92  42  UR  -1
536  8.13  4  UR  -1
537  8.33  87  UR  -1
538  8.53  89  N  -1
539  8.73  89  R  -1
540  8.93  52  R  2
541  9.14  14  UL  -1
542  9.35  52  L  2
543  9.55  89  L  -1
544  9.75  87  R  -1
545  9.95  49  N  -1
546  10.15  9  L  -1
547  10.36  7  N  -1
548  10.56  7  R  -1
549  10.76  9  N  -1
550  10.96  9  N  -1
551  11.16  9  R  -1
552  11.37  12  UL  -1
553  11.57  49  U  -1
554  11.77  89  N  -1
555  11.97  89  UR  -1
556  12.18  52  UR  2
557  12.38  14  UL  -1
558  12.58  92  N  -1
559  12.79  92  R  -1
560  12.99  94  N  -1
561  13.2  54  L  -1
562  13.4  12  N  -1
563  13.61  12  L  -1
564  13.81  9  UR  -1
565  14.02  52  UL  2
566  14.22  89  N  -1
567  14.42  89  R  -1
568  14.62  52  UR  2
569  14.82  14  UL  -1
570  15.03  92  L  -1
571  15.23  89  U  -1
572  15.43  89  UR  -1
573  15.63  52  UL  2
574  15.84  9  U  -1
575  16.04  89  U  -1
576  16.25  89  UL  -1
577  16.45  87  R  -1
578  16.65  49  R  -1
579  16.85  12  UR  -1
580  17.05  54  N  -1
581  17.26  94  UR  -1
582  17.46  96  N  -1
583  17.67  56  UR  -1
584  17.87  19  UR  -10
585  0.2  0  R  -1
586  0.41  42  U  -1
587  0.61  42  L  -1
588  0.81  0  N  -1
589  1.02  0  UR  -1
590  1.22  42  L  -1
591  1.43  80  UL  -1
592  1.63  80  U  -1
593  1.83  40  R  -1
594  2.03  2  UR  -1
595  2.24  44  UR  -1
596  2.44  87  L  -1
597  2.64  84  UR  -1
598  2.84  47  N  -1
599  3.05  7  N  -1
600  3.25  7  L  -1
601  3.46  4  UL  -1
602  3.66  42  N  -1
603  3.86  82  UR  -1
604  4.06  84  U  -1
605  4.27  44  R  -1
606  4.47  7  UR  -1
607  4.67  49  U  -1
608  4.88  89  U  -1
609  5.08  89  UL  -1
610  5.28  47  N  -1
611  5.49  7  N  -1
612  5.69  7  R  -1
613  5.9  9  UR  -1
614  6.1  52  N  2
615  6.3  92  L  -1
616  6.51  89  R  -1
617  6.71  52  U  2
618  6.92  12  U  -1
619  7.12  92  UR  -1
620  7.33  94  R  -1
621  7.54  97  R  -1
622  7.74  59  R  -1
623  7.94  21  L  -1
624  8.15  19  UL  -10
625  0.2  0  R  -1
626  0.41  42  N  -1
627  0.61  42  N  -1
628  0.81  2  R  -1
629  1.01  4  UL  -1
630  1.22  42  UL  -1
631  1.42  80  L  -1
632  1.62  80  UR  -1
633  1.83  42  U  -1
634  2.03  2  R  -1
635  2.23  84  L  -1
636  2.43  82  L  -1
637  2.64  80  UL  -1
638  2.84  40  N  -1
639  3.05  0  L  -1
640  3.25  0  UL  -1
641  3.45  40  UL  -1
642  3.66  80  N  -1
643  3.86  80  L  -1
644  4.06  40  UR  -1
645  4.27  2  L  -1
646  4.47  80  UL  -1
647  4.67  80  N  -1
648  4.88  80  R  -1
649  5.08  42  U  -1
650  5.28  2  U  -1
651  5.48  82  UL  -1
652  5.68  80  UR  -1
653  5.89  82  UR  -1
654  6.09  44  U  -1
655  6.29  44  UL  -1
656  6.5  82  R  -1
657  6.7  84  R  -1
658  6.9  87  L  -1
659  7.1  4  N  -1
660  7.3  4  L  -1
661  7.51  2  UL  -1
662  7.71  40  UR  -1
663  7.91  82  N  -1
664  8.12  82  R  -1
665  8.32  44  N  -1
666  8.52  4  N  -1
667  8.73  4  UR  -1
668  8.93  47  R  -1
669  9.14  89  UR  -1
670  9.34  92  L  -1
671  9.55  49  R  -1
672  9.75  12  UL  -1
673  9.95  49  N  -1
674  10.15  89  UL  -1
675  10.36  87  N  -1
676  10.56  47  R  -1
677  10.76  9  UL  -1
678  10.97  47  R  -1
679  11.17  89  R  -1
680  11.38  92  R  -1
681  11.58  54  UR  -1
682  11.78  17  R  -10
683  0.21  0  R  -1
684  0.41  42  UR  -1
685  0.62  45  N  -1
686  0.82  5  U  -1
687  1.03  45  U  -1
688  1.23  85  UL  -1
689  1.43  82  N  -1
690  1.63  42  U  -1
691  1.83  2  R  -1
692  2.04  85  UR  -1
693  2.24  87  UL  -1
694  2.45  85  UL  -1
695  2.65  42  N  -1
696  2.85  2  UR  -1
697  3.05  44  UL  -1
698  3.26  82  U  -1
699  3.46  82  UL  -1
700  3.67  40  UL  -1
701  3.87  0  UR  -1
702  4.08  82  UL  -1
703  4.28  80  L  -1
704  4.49  80  U  -1
705  4.69  40  UL  -1
706  4.89  40  UL  -1
707  5.09  80  UL  -1
708  5.29  80  N  -1
709  5.5  80  UR  -1
710  5.7  42  UL  -1
711  5.9  40  R  -1
712  6.1  82  N  -1
713  6.3  82  UR  -1
714  6.51  84  U  -1
715  6.71  4  UR  -1
716  6.91  47  R  -1
717  7.12  89  R  -1
718  7.32  91  UR  -1
719  7.53  94  L  -1
720  7.73  11  R  -1
721  7.93  14  U  -1
722  8.14  54  L  -1
723  8.34  91  R  -1
724  8.54  94  R  -1
725  8.75  56  UR  -1
726  8.95  19  UL  -10
727  0.21  0  R  -1
728  0.41  42  L  -1
729  0.61  40  UL  -1
730  0.81  40  UL  -1
731  1.02  80  R  -1
732  1.22  82  R  -1
733  1.42  84  U  -1
734  1.62  44  UR  -1
735  1.82  47  N  -1
736  2.03  87  U  -1
737  2.23  87  R  -1
738  2.43  89  U  -1
739  2.64  49  R  -1
740  2.84  11  N  -1
741  3.04  11  U  -1
742  3.24  51  R  -1
743  3.44  94  UL  -1
744  3.65  91  L  -1
745  3.85  49  UR  -1
746  4.06  11  R  -1
747  4.26  94  U  -1
748  4.46  94  UL  -1
749  4.67  91  N  -1
750  4.87  51  UL  -1
751  5.07  9  N  -1
752  5.28  89  UL  -1
753  5.48  87  UR  -1
754  5.68  89  L  -1
755  5.88  46  N  -1
756  6.09  6  N  -1
757  6.3  6  UR  -1
758  6.5  49  U  -1
759  6.7  89  UL  -1
760  6.9  87  N  -1
761  7.1  47  UR  -1
762  7.31  9  L  -1
763  7.51  87  UR  -1
764  7.72  89  UR  -1
765  7.92  91  UR  -1
766  8.13  54  UR  -1
767  8.33  16  N  -10
768  0.21  0  R  -1
769  0.41  42  U  -1
770  0.61  2  N  -1
771  0.81  2  UL  -1
772  1.02  40  U  -1
773  1.22  80  UR  -1
774  1.42  82  L  -1
775  1.63  40  N  -1
776  1.83  0  R  -1
777  2.03  2  N  -1
778  2.24  2  U  -1
779  2.44  42  U  -1
780  2.65  82  UR  -1
781  2.85  85  L  -1
782  3.05  42  L  -1
783  3.25  0  N  -1
784  3.46  0  UR  -1
785  3.66  42  UL  -1
786  3.86  80  L  -1
787  4.06  80  N  -1
788  4.26  40  L  -1
789  4.47  0  N  -1
790  4.67  0  N  -1
791  4.87  0  U  -1
792  5.08  40  N  -1
793  5.28  80  L  -1
794  5.49  80  L  -1
795  5.69  40  L  -1
796  5.89  0  R  -1
797  6.09  2  UR  -1
798  6.3  44  R  -1
799  6.5  87  UR  -1
800  6.7  89  U  -1
801  6.91  49  L  -1
802  7.12  6  N  -1
803  7.32  6  N  -1
804  7.52  6  U  -1
805  7.72  46  UR  -1
806  7.93  89  UL  -1
807  8.13  86  N  -1
808  8.33  46  UR  -1
809  8.54  9  R  -1
810  8.74  91  UR  -1
811  8.95  94  UR  -1
812  9.15  96  U  -1
813  9.35  56  UR  -1
814  9.56  59  N  -1
815  9.76  99  L  -1
816  9.96  96  R  -1
817  10.16  99  U  -1
818  10.37  59  UL  -1
819  10.57  56  UL  -1
820  10.78  94  L  -1
821  10.98  91  UR  -1
822  11.19  94  N  -1
823  11.39  14  R  -1
824  11.59  16  UR  -10
825  0.21  0  R  -1
826  0.41  42  N  -1
827  0.61  42  UR  -1
828  0.81  5  N  -1
829  1.01  5  U  -1
830  1.22  45  U  -1
831  1.42  85  U  -1
832  1.62  85  L  -1
833  1.83  42  L  -1
834  2.03  0  R  -1
835  2.23  2  UL  -1
836  2.43  40  U  -1
837  2.64  80  L  -1
838  2.84  80  U  -1
839  3.04  40  N  -1
840  3.25  0  UR  -1
841  3.45  42  UR  -1
842  3.66  84  UR  -1
843  3.86  87  UR  -1
844  4.06  49  R  -1
845  4.26  12  UL  -1
846  4.46  49  N  -1
847  4.67  89  UR  -1
848  4.87  92  N  -1
849  5.07  52  UL  2
850  5.28  9  UR  -1
851  5.48  92  U  -1
852  5.69  92  UR  -1
853  5.89  94  U  -1
854  6.09  54  R  -1
855  6.3  17  UL  -10
856  0.2  0  R  -1
857  0.4  42  UR  -1
858  0.61  44  UL  -1
859  0.81  2  UL  -1
860  1.01  40  U  -1
861  1.21  80  R  -1
862  1.41  82  UL  -1
863  1.61  80  L  -1
864  1.82  0  U  -1
865  2.02  40  UL  -1
866  2.22  80  UR  -1
867  2.43  82  L  -1
868  2.63  40  R  -1
869  2.83  2  UR  -1
870  3.04  44  N  -1
871  3.25  84  U  -1
872  3.45  84  L  -1
873  3.65  42  UL  -1
874  3.85  0  N  -1
875  4.05  80  L  -1
876  4.26  80  UR  -1
877  4.46  82  UL  -1
878  4.66  40  R  -1
879  4.86  2  UR  -1
880  5.07  44  U  -1
881  5.27  84  N  -1
882  5.47  84  UR  -1
883  5.67  47  U  -1
884  5.88  7  UR  -1
885  6.08  89  R  -1
886  6.28  91  UL  -1
887  6.48  89  UR  -1
888  6.69  52  UR  2
889  6.89  14  R  -1
890  7.09  96  U  -1
891  7.3  96  UL  -1
892  7.5  94  UL  -1
893  7.7  52  UL  2
894  7.91  49  L  -1
895  8.11  87  L  -1
896  8.31  84  UL  -1
897  8.52  82  L  -1
898  8.72  0  UR  -1
899  8.93  42  N  -1
900  9.13  82  U  -1
901  9.34  82  UL  -1
902  9.54  80  N  -1
903  9.74  0  UL  -1
904  9.94  40  UR  -1
905  10.14  82  UR  -1
906  10.35  84  U  -1
907  10.55  44  R  -1
908  10.75  7  R  -1
909  10.96  9  U  -1
910  11.16  49  UL  -1
911  11.36  87  U  -1
912  11.57  87  R  -1
913  11.77  49  L  -1
914  11.97  7  U  -1
915  12.18  47  UR  -1
916  12.38  89  L  -1
917  12.58  87  L  -1
918  12.78  44  N  -1
919  12.98  4  UR  -1
920  13.19  47  N  -1
921  13.39  87  N  -1
922  13.59  87  R  -1
923  13.8  49  L  -1
924  14  6  R  -1
925  14.2  9  L  -1
926  14.41  6  UL  -1
927  14.61  44  U  -1
928  14.82  84  UR  -1
929  15.02  86  R  -1
930  15.22  49  U  -1
931  15.43  9  UL  -1
932  15.63  86  R  -1
933  15.84  89  L  -1
934  16.04  87  N  -1
935  16.24  47  L  -1
936  16.45  4  UR  -1
937  16.65  47  R  -1
938  16.85  89  N  -1
939  17.06  89  N  -1
940  17.26  49  UL  -1
941  17.46  6  N  -1
942  17.66  86  U  -1
943  17.87  86  UL  -1
944  18.07  84  UR  -1
945  18.27  46  R  -1
946  18.48  9  U  -1
947  18.68  49  U  -1
948  18.88  89  UR  -1
949  19.08  91  L  -1
950  19.29  49  N  -1
951  19.49  9  L  -1
952  19.7  6  UL  -1
953  19.9  44  UL  -1
954  20.1  82  UR  -1
955  20.31  84  UR  -1
956  20.52  46  N  -1
957  20.72  6  N  -1
958  20.92  6  R  -1
959  21.12  9  UL  -1
960  21.33  46  UL  -1
961  21.53  84  UL  -1
962  21.73  82  UL  -1
963  21.94  40  L  -1
964  22.14  0  L  -1
965  22.34  0  U  -1
966  22.54  40  UL  -1
967  22.75  80  N  -1
968  22.95  80  UL  -1
969  23.16  40  N  -1
970  23.36  0  UR  -1
971  23.56  42  N  -1
972  23.76  82  R  -1
973  23.97  84  L  -1
974  24.17  42  U  -1
975  24.37  2  UL  -1
976  24.58  80  N  -1
977  24.78  80  L  -1
978  24.99  80  UR  -1
979  25.19  42  N  -1
980  25.4  2  R  -1
981  25.6  4  UL  -1
982  25.8  42  N  -1
983  26.01  82  L  -1
984  26.21  80  L  -1
985  26.41  40  L  -1
986  26.62  0  N  -1
987  26.82  0  L  -1
988  27.02  0  U  -1
989  27.22  40  R  -1
990  27.43  82  R  -1
991  27.63  84  L  -1
992  27.83  42  UR  -1
993  28.04  4  L  -1
994  28.24  82  R  -1
995  28.44  84  UR  -1
996  28.64  87  L  -1
997  28.85  44  U  -1
998  29.05  4  R  -1
999  29.26  87  UL  -1
1000  29.46  84  UR  -1
1001  29.66  87  N  -1
1002  29.86  47  R  -1
1003  30.07  9  R  -1
1004  30.27  12  R  -1
1005  30.47  14  R  -1
1006  30.68  16  R  -10
1007  0.21  0  R  -1
1008  0.41  2  N  -1
1009  0.61  2  U  -1
1010  0.81  42  N  -1
1011  1.02  82  R  -1
1012  1.22  85  UR  -1
1013  1.42  47  N  -1
1014  1.62  7  UL  -1
1015  1.83  45  L  -1
1016  2.03  82  R  -1
1017  2.23  84  N  -1
1018  2.43  44  UR  -1
1019  2.64  7  R  -1
1020  2.84  89  N  -1
1021  3.04  89  UR  -1
1022  3.24  92  UR  -1
1023  3.45  54  U  -1
1024  3.65  14  U  -1
1025  3.86  94  R  -1
1026  4.06  97  U  -1
1027  4.26  97  L  -1
1028  4.46  54  L  -1
1029  4.66  12  N  -1
1030  4.87  12  R  -1
1031  5.07  14  UL  -1
1032  5.27  52  UR  2
1033  5.48  94  L  -1
1034  5.68  92  L  -1
1035  5.88  89  UL  -1
1036  6.09  7  UR  -1
1037  6.29  89  L  -1
1038  6.49  87  L  -1
1039  6.69  85  N  -1
1040  6.9  45  UR  -1
1041  7.1  7  U  -1
1042  7.31  87  R  -1
1043  7.51  90  N  -1
1044  7.72  90  R  -1
1045  7.92  52  UR  2
1046  8.12  54  N  -1
1047  8.32  94  R  -1
1048  8.53  97  UR  -1
1049  8.73  99  N  -1
1050  8.93  59  N  -1
1051  9.14  19  L  -10
1052  0.2  0  R  -1
1053  0.41  2  R  -1
1054  0.61  4  UL  -1
1055  0.82  42  UR  -1
1056  1.02  84  N  -1
1057  1.22  84  R  -1
1058  1.43  47  R  -1
1059  1.63  9  N  -1
1060  1.83  9  L  -1
1061  2.04  7  UL  -1
1062  2.25  44  R  -1
1063  2.45  87  UL  -1
1064  2.65  85  UR  -1
1065  2.85  47  UL  -1
1066  3.05  4  L  -1
1067  3.25  82  N  -1
1068  3.45  82  L  -1
1069  3.66  80  U  -1
1070  3.86  40  UL  -1
1071  4.06  0  R  -1
1072  4.27  82  N  -1
1073  4.47  82  R  -1
1074  4.68  84  UL  -1
1075  4.88  42  UR  -1
1076  5.08  44  UR  -1
1077  5.29  87  L  -1
1078  5.49  84  R  -1
1079  5.69  86  UR  -1
1080  5.9  9  R  -1
1081  6.1  11  N  -1
1082  6.31  11  R  -1
1083  6.51  14  UL  -1
1084  6.71  51  L  -1
1085  6.91  89  N  -1
1086  7.12  89  UR  -1
1087  7.32  51  UR  -1
1088  7.52  14  L  -1
1089  7.73  91  U  -1
1090  7.93  91  UL  -1
1091  8.14  89  UR  -1
1092  8.34  51  L  -1
1093  8.55  9  UR  -1
1094  8.75  52  UL  2
1095  8.95  89  U  -1
1096  9.16  89  N  -1
1097  9.36  49  L  -1
1098  9.56  7  L  -1
1099  9.76  4  N  -1
1100  9.96  4  L  -1
1101  10.17  2  U  -1
1102  10.37  42  UL  -1
1103  10.58  80  R  -1
1104  10.78  82  UR  -1
1105  10.98  44  R  -1
1106  11.19  7  L  -1
1107  11.39  4  N  -1
1108  11.59  4  U  -1
1109  11.79  44  N  -1
1110  12  84  R  -1
1111  12.2  87  U  -1
1112  12.4  47  N  -1
1113  12.61  7  UR  -1
1114  12.82  49  UL  -1
1115  13.02  87  R  -1
1116  13.22  89  R  -1
1117  13.42  52  R  2
1118  13.63  14  UR  -1
1119  13.83  56  N  -1
1120  14.03  96  N  -1
1121  14.23  96  UL  -1
1122  14.43  54  L  -1
1123  14.63  12  UL  -1
1124  14.83  49  R  -1
1125  15.04  92  U  -1
1126  15.25  92  L  -1
1127  15.45  49  L  -1
1128  15.65  7  U  -1
1129  15.86  47  UR  -1
1130  16.06  89  N  -1
1131  16.26  89  UR  -1
1132  16.47  52  U  2
1133  16.67  12  L  -1
1134  16.87  89  UL  -1
1135  17.08  87  N  -1
1136  17.28  87  U  -1
1137  17.48  47  N  -1
1138  17.68  7  L  -1
1139  17.89  4  U  -1
1140  18.09  44  UR  -1
1141  18.29  87  U  -1
1142  18.5  87  UL  -1
1143  18.7  44  U  -1
1144  18.9  4  R  -1
1145  19.1  87  UR  -1
1146  19.3  89  N  -1
1147  19.51  89  UL  -1
1148  19.71  47  U  -1
1149  19.91  7  U  -1
1150  20.12  87  N  -1
1151  20.32  87  UR  -1
1152  20.53  89  UL  -1
1153  20.73  47  N  -1
1154  20.93  7  UL  -1
1155  21.13  44  UR  -1
1156  21.33  87  UL  -1
1157  21.53  84  N  -1
1158  21.74  44  UL  -1
1159  21.94  2  R  -1
1160  22.14  84  L  -1
1161  22.35  82  N  -1
1162  22.55  82  U  -1
1163  22.75  42  U  -1
1164  22.96  2  UL  -1
1165  23.16  80  UL  -1
1166  23.36  80  R  -1
1167  23.56  82  R  -1
1168  23.76  44  N  -1
1169  23.97  4  R  -1
1170  24.17  7  L  -1
1171  24.37  4  U  -1
1172  24.58  44  UL  -1
1173  24.78  82  UL  -1
1174  24.99  80  N  -1
1175  25.19  40  UR  -1
1176  25.39  2  R  -1
1177  25.6  84  UL  -1
1178  25.8  82  L  -1
1179  26.01  80  UR  -1
1180  26.21  42  UL  -1
1181  26.42  40  U  -1
1182  26.62  80  L  -1
1183  26.82  80  R  -1
1184  27.02  82  L  -1
1185  27.23  40  UL  -1
1186  27.43  40  R  -1
1187  27.63  82  UR  -1
1188  27.83  84  UR  -1
1189  28.04  87  UR  -1
1190  28.24  9  U  -1
1191  28.44  49  U  -1
1192  28.64  89  UR  -1
1193  28.84  91  N  -1
1194  29.05  91  N  -1
1195  29.25  11  UR  -1
1196  29.46  54  R  -1
1197  29.66  96  U  -1
1198  29.86  96  N  -1
1199  30.06  56  R  -1
1200  30.27  19  UR  -10
1201  0.2  0  R  -1
1202  0.41  42  L  -1
1203  0.61  40  UR  -1
1204  0.81  2  UL  -1
1205  1.01  40  R  -1
1206  1.22  82  N  -1
1207  1.42  82  L  -1
1208  1.62  40  U  -1
1209  1.82  0  UR  -1
1210  2.03  82  UR  -1
1211  2.23  84  R  -1
1212  2.43  87  U  -1
1213  2.64  47  L  -1
1214  2.84  4  N  -1
1215  3.04  4  UR  -1
1216  3.25  47  R  -1
1217  3.45  89  U  -1
1218  3.66  89  U  -1
1219  3.86  49  UL  -1
1220  4.06  7  R  -1
1221  4.27  89  UR  -1
1222  4.47  92  UR  -1
1223  4.67  94  UL  -1
1224  4.88  52  N  2
1225  5.08  12  L  -1
1226  5.28  9  R  -1
1227  5.49  12  UL  -1
1228  5.69  49  R  -1
1229  5.89  92  R  -1
1230  6.1  94  UR  -1
1231  6.3  57  L  -1
1232  6.5  14  UR  -1
1233  6.7  57  UR  -1
1234  6.91  99  R  -1
1235  7.11  102  N  -1
1236  7.32  62  UR  -1
1237  7.52  24  R  -1
1238  7.72  107  R  -1
1239  7.92  109  U  -1
1240  8.13  109  L  -1
1241  8.33  67  N  -1
1242  8.53  27  N  -1
1243  8.73  27  UR  -1
1244  8.94  69  N  -1
1245  9.14  109  N  -1
1246  9.35  109  UL  -1
1247  9.55  66  R  -1
1248  9.75  29  U  -1
1249  9.95  69  UR  -1
1250  10.16  111  R  -1
1251  10.36  114  L  -1
1252  10.56  71  UR  -1
1253  10.77  34  UR  -1
1254  10.97  116  L  -1
1255  11.17  114  UL  -1
1256  11.38  111  UR  -1
1257  11.58  74  UL  -1
1258  11.78  31  L  -1
1259  11.99  109  U  -1
1260  12.19  109  R  -1
1261  12.39  111  R  -1
1262  12.6  74  UR  -1
1263  12.8  76  R  -1
1264  13  119  R  50
1265  0.2  0  R  -1

