0  1  0  R  -1
1  1.41  2  N  -1
2  1.61  2  U  -1
3  1.81  42  U  -1
4  2.02  82  U  -1
5  2.22  82  U  -1
6  2.42  42  N  -1
7  2.63  2  UL  -1
8  2.83  40  U  -1
9  3.03  80  U  -1
10  3.23  80  R  -1
11  3.44  42  U  -1
12  3.64  2  UR  -1
13  3.84  84  R  -1
14  4.05  87  U  -1
15  4.25  87  U  -1
16  4.45  47  UR  -1
17  4.66  9  R  -1
18  4.86  92  U  -1
19  5.06  92  UR  -1
20  5.26  94  UR  -1
21  5.47  57  L  -1
22  5.68  14  L  -1
23  5.88  12  U  -1
24  6.09  52  UL  2
25  6.29  89  L  -1
26  6.49  87  UR  -1
27  6.69  49  UR  -1
28  6.9  12  UL  -1
29  7.1  89  UR  -1
30  7.3  92  UR  -1
31  7.5  94  UR  -1
32  7.7  56  L  -1
33  7.91  14  N  -1
34  8.11  14  U  -1
35  8.32  54  R  -1
36  8.52  96  L  -1
37  8.72  94  N  -1
38  8.92  54  UL  -1
39  9.12  12  L  -1
40  9.32  89  UR  -1
41  9.52  92  UL  -1
42  9.73  89  UR  -1
43  9.93  52  L  2
44  10.14  9  UL  -1
45  10.34  47  N  -1
46  10.54  87  U  -1
47  10.74  87  R  -1
48  10.95  49  N  -1
49  11.15  9  U  -1
50  11.35  49  U  -1
51  11.55  89  L  -1
52  11.76  87  L  -1
53  11.96  44  N  -1
54  12.16  4  U  -1
55  12.37  44  N  -1
56  12.57  84  R  -1
57  12.78  87  U  -1
58  12.98  47  L  -1
59  13.19  4  U  -1
60  13.39  44  U  -1
61  13.59  84  N  -1
62  13.79  84  L  -1
63  13.99  42  L  -1
64  14.2  0  R  -1
65  14.4  2  UL  -1
66  14.61  40  UR  -1
67  14.81  82  UR  -1
68  15.01  84  N  -1
69  15.21  44  UL  -1
70  15.42  2  UR  -1
71  15.62  84  UL  -1
72  15.82  82  U  -1
73  16.03  82  L  -1
74  16.23  40  U  -1
75  16.43  0  R  -1
76  16.63  82  UL  -1
77  16.84  80  R  -1
78  17.04  82  R  -1
79  17.24  44  L  -1
80  17.44  2  R  -1
81  17.65  4  U  -1
82  17.85  44  UR  -1
83  18.05  87  UL  -1
84  18.26  84  UR  -1
85  18.46  47  U  -1
86  18.66  7  L  -1
87  18.86  84  UL  -1
88  19.06  82  UL  -1
89  19.27  80  R  -1
90  19.47  42  L  -1
91  19.67  0  R  -1
92  19.87  2  N  -1
93  20.08  2  U  -1
94  20.28  42  UR  -1
95  20.48  84  L  -1
96  20.68  82  L  -1
97  20.88  40  L  -1
98  21.09  0  L  -1
99  21.29  0  R  -1
100  21.49  2  U  -1
101  21.7  42  L  -1
102  21.9  80  L  -1
103  22.1  80  UR  -1
104  22.31  42  L  -1
105  22.51  0  L  -1
106  22.72  0  L  -1
107  22.92  0  UR  -1
108  23.12  42  UR  -1
109  23.33  84  L  -1
110  23.53  82  L  -1
111  23.73  40  UL  -1
112  23.93  0  U  -1
113  24.14  80  UR  -1
114  24.34  82  R  -1
115  24.55  84  L  -1
116  24.75  42  N  -1
117  24.95  2  N  -1
118  25.16  2  UR  -1
119  25.36  44  UR  -1
120  25.56  87  R  -1
121  25.76  89  U  -1
122  25.97  49  U  -1
123  26.17  9  UL  -1
124  26.37  87  UR  -1
125  26.58  89  U  -1
126  26.78  89  UR  -1
127  26.98  52  UL  2
128  27.18  49  U  -1
129  27.39  89  L  -1
130  27.59  87  UR  -1
131  27.79  89  L  -1
132  28  47  L  -1
133  28.2  4  R  -1
134  28.41  7  L  -1
135  28.61  4  U  -1
136  28.81  44  U  -1
137  29.01  84  L  -1
138  29.22  82  U  -1
139  29.42  42  UR  -1
140  29.62  4  UR  -1
141  29.82  87  R  -1
142  30.02  89  UL  -1
143  30.23  87  N  -1
144  30.43  47  UL  -1
145  30.64  4  UL  -1
146  30.84  82  U  -1
147  31.04  82  U  -1
148  31.24  82  UR  -1
149  31.45  44  R  -1
150  31.65  7  L  -1
151  31.85  4  U  -1
152  32.05  44  L  -1
153  32.26  82  R  -1
154  32.46  84  R  -1
155  32.66  47  L  -1
156  32.87  4  N  -1
157  33.07  4  UR  -1
158  33.27  47  UR  -1
159  33.48  89  U  -1
160  33.68  89  U  -1
161  33.88  49  UL  -1
162  34.08  7  L  -1
163  34.28  84  UL  -1
164  34.49  82  N  -1
165  34.69  82  N  -1
166  34.89  42  UR  -1
167  35.09  4  U  -1
168  35.3  84  U  -1
169  35.5  84  U  -1
170  35.71  84  U  -1
171  35.91  44  UL  -1
172  36.11  42  R  -1
173  36.31  84  R  -1
174  36.52  87  N  -1
175  36.72  87  UR  -1
176  36.93  49  UL  -1
177  37.13  47  R  -1
178  37.34  89  UL  -1
179  37.54  87  L  -1
180  37.74  84  R  -1
181  37.95  7  UR  -1
182  38.15  49  UL  -1
183  38.35  87  N  -1
184  38.55  87  UL  -1
185  38.75  84  R  -1
186  38.95  7  R  -1
187  39.16  9  R  -1
188  39.36  12  R  -1
189  39.57  14  R  -1
190  39.77  17  L  -10
191  0.21  0  R  -1
192  0.41  2  UR  -1
193  0.61  44  N  -1
194  0.81  84  UL  -1
195  1.02  82  UR  -1
196  1.22  45  L  -1
197  1.42  2  N  -1
198  1.63  2  U  -1
199  1.83  42  R  -1
200  2.03  85  L  -1
201  2.23  82  U  -1
202  2.44  42  R  -1
203  2.64  5  L  -1
204  2.85  2  L  -1
205  3.05  0  UL  -1
206  3.26  40  N  -1
207  3.46  80  R  -1
208  3.67  82  L  -1
209  3.87  40  UL  -1
210  4.07  0  U  -1
211  4.27  80  U  -1
212  4.48  80  R  -1
213  4.68  82  R  -1
214  4.88  44  U  -1
215  5.09  44  N  -1
216  5.29  84  U  -1
217  5.5  84  N  -1
218  5.7  84  UR  -1
219  5.9  7  U  -1
220  6.11  47  UR  -1
221  6.31  89  U  -1
222  6.52  89  L  -1
223  6.72  87  UL  -1
224  6.93  4  N  -1
225  7.13  4  UL  -1
226  7.33  42  N  -1
227  7.53  82  L  -1
228  7.73  80  UR  -1
229  7.94  42  UL  -1
230  8.14  0  U  -1
231  8.35  80  UR  -1
232  8.55  82  UL  -1
233  8.75  80  N  -1
234  8.96  40  L  -1
235  9.16  0  UR  -1
236  9.37  42  UR  -1
237  9.57  84  UR  -1
238  9.78  87  U  -1
239  9.98  47  U  -1
240  10.18  7  UL  -1
241  10.39  84  UL  -1
242  10.59  82  U  -1
243  10.79  82  UL  -1
244  10.99  40  U  -1
245  11.2  0  U  -1
246  11.4  80  R  -1
247  11.6  82  UL  -1
248  11.8  80  UR  -1
249  12.01  42  R  -1
250  12.21  4  L  -1
251  12.41  2  UR  -1
252  12.61  44  UR  -1
253  12.82  87  N  -1
254  13.02  87  L  -1
255  13.22  44  L  -1
256  13.42  2  UL  -1
257  13.62  40  U  -1
258  13.83  80  R  -1
259  14.03  82  R  -1
260  14.23  44  N  -1
261  14.44  4  UL  -1
262  14.64  42  R  -1
263  14.85  84  U  -1
264  15.05  84  L  -1
265  15.25  42  N  -1
266  15.46  2  L  -1
267  15.66  0  N  -1
268  15.86  0  N  -1
269  16.07  0  N  -1
270  16.27  0  R  -1
271  16.47  2  N  -1
272  16.67  2  L  -1
273  16.88  0  R  -1
274  17.08  2  UL  -1
275  17.29  40  L  -1
276  17.49  80  U  -1
277  17.69  80  L  -1
278  17.89  40  UL  -1
279  18.1  0  R  -1
280  18.3  82  UL  -1
281  18.5  80  U  -1
282  18.7  80  L  -1
283  18.9  40  U  -1
284  19.1  0  U  -1
285  19.31  80  R  -1
286  19.51  82  R  -1
287  19.71  84  UR  -1
288  19.92  47  UL  -1
289  20.12  44  R  -1
290  20.32  87  U  -1
291  20.53  87  R  -1
292  20.73  89  R  -1
293  20.93  52  UL  2
294  21.13  49  L  -1
295  21.34  87  UR  -1
296  21.54  89  N  -1
297  21.75  89  L  -1
298  21.95  7  L  -1
299  22.15  4  UL  -1
300  22.35  42  R  -1
301  22.55  84  R  -1
302  22.75  87  U  -1
303  22.96  47  L  -1
304  23.16  4  UL  -1
305  23.37  42  UR  -1
306  23.57  84  R  -1
307  23.77  87  N  -1
308  23.98  87  L  -1
309  24.18  4  U  -1
310  24.38  44  UL  -1
311  24.59  82  L  -1
312  24.79  80  R  -1
313  24.99  42  U  -1
314  25.2  2  L  -1
315  25.4  80  L  -1
316  25.6  80  L  -1
317  25.81  80  N  -1
318  26.01  40  R  -1
319  26.21  2  L  -1
320  26.41  0  U  -1
321  26.62  40  N  -1
322  26.82  80  U  -1
323  27.02  80  R  -1
324  27.23  42  UR  -1
325  27.43  4  U  -1
326  27.63  84  UR  -1
327  27.84  87  U  -1
328  28.04  87  R  -1
329  28.24  49  U  -1
330  28.44  9  U  -1
331  28.65  89  N  -1
332  28.85  89  UR  -1
333  29.06  92  UR  -1
334  29.26  54  UR  -1
335  29.46  56  L  -1
336  29.67  94  U  -1
337  29.87  94  N  -1
338  30.07  94  U  -1
339  30.28  54  UR  -1
340  30.48  56  U  -1
341  30.68  96  UR  -1
342  30.88  99  UL  -1
343  31.08  96  U  -1
344  31.28  16  UR  -10
345  0.21  0  R  -1
346  0.41  42  R  -1
347  0.61  45  UL  -1
348  0.82  2  U  -1
349  1.02  42  L  -1
350  1.22  80  L  -1
351  1.42  80  UR  -1
352  1.62  82  L  -1
353  1.82  0  R  -1
354  2.03  2  N  -1
355  2.23  2  UL  -1
356  2.43  40  L  -1
357  2.63  80  UR  -1
358  2.84  82  U  -1
359  3.04  42  U  -1
360  3.25  2  UL  -1
361  3.45  80  N  -1
362  3.65  80  UR  -1
363  3.85  82  L  -1
364  4.05  40  L  -1
365  4.26  0  UL  -1
366  4.46  40  U  -1
367  4.66  80  U  -1
368  4.87  80  UL  -1
369  5.07  40  R  -1
370  5.28  2  R  -1
371  5.48  4  R  -1
372  5.68  7  UL  -1
373  5.89  44  UL  -1
374  6.09  82  R  -1
375  6.29  84  UL  -1
376  6.49  42  R  -1
377  6.7  4  L  -1
378  6.9  2  UR  -1
379  7.11  44  U  -1
380  7.31  84  R  -1
381  7.52  87  U  -1
382  7.72  47  R  -1
383  7.92  9  UR  -1
384  8.12  52  UR  2
385  8.33  94  N  -1
386  8.53  94  R  -1
387  8.73  56  N  -1
388  8.93  16  R  -10
389  0.2  0  R  -1
390  0.41  2  U  -1
391  0.61  42  N  -1
392  0.81  82  UR  -1
393  1.02  84  UR  -1
394  1.22  47  UL  -1
395  1.42  4  N  -1
396  1.62  84  U  -1
397  1.83  84  U  -1
398  2.03  84  U  -1
399  2.23  44  UR  -1
400  2.44  7  R  -1
401  2.64  89  L  -1
402  2.85  87  R  -1
403  3.05  89  UL  -1
404  3.26  47  L  -1
405  3.46  5  U  -1
406  3.66  45  N  -1
407  3.87  85  U  -1
408  4.07  85  UR  -1
409  4.28  47  UR  -1
410  4.48  9  R  -1
411  4.68  92  L  -1
412  4.89  89  UR  -1
413  5.09  92  R  -1
414  5.3  54  UR  -1
415  5.5  17  R  -10
416  0.2  0  R  -1
417  0.41  42  U  -1
418  0.61  2  U  -1
419  0.81  42  R  -1
420  1.01  84  R  -1
421  1.21  87  N  -1
422  1.42  87  N  -1
423  1.62  7  L  -1
424  1.83  4  UR  -1
425  2.03  47  R  -1
426  2.23  89  UR  -1
427  2.43  92  UL  -1
428  2.63  49  U  -1
429  2.83  9  R  -1
430  3.04  92  N  -1
431  3.24  92  N  -1
432  3.45  92  UL  -1
433  3.65  49  U  -1
434  3.86  9  UR  -1
435  4.06  92  L  -1
436  4.26  89  L  -1
437  4.47  87  UR  -1
438  4.67  49  UR  -1
439  4.88  52  L  2
440  5.08  89  L  -1
441  5.29  87  N  -1
442  5.49  87  U  -1
443  5.69  7  UR  -1
444  5.9  49  U  -1
445  6.1  89  UL  -1
446  6.31  87  U  -1
447  6.51  87  L  -1
448  6.71  4  UR  -1
449  6.92  47  UL  -1
450  7.12  84  N  -1
451  7.32  84  UL  -1
452  7.52  42  U  -1
453  7.72  2  L  -1
454  7.93  80  UL  -1
455  8.13  80  UL  -1
456  8.33  80  N  -1
457  8.53  40  U  -1
458  8.73  0  R  -1
459  8.94  82  R  -1
460  9.14  84  R  -1
461  9.34  87  R  -1
462  9.54  49  L  -1
463  9.74  7  U  -1
464  9.95  47  UL  -1
465  10.15  84  N  -1
466  10.35  84  R  -1
467  10.56  47  L  -1
468  10.76  4  L  -1
469  10.96  2  UR  -1
470  11.16  44  UL  -1
471  11.37  82  U  -1
472  11.57  82  N  -1
473  11.78  42  N  -1
474  11.98  2  UR  -1
475  12.18  44  L  -1
476  12.38  82  R  -1
477  12.59  84  UL  -1
478  12.79  42  U  -1
479  12.99  2  U  -1
480  13.2  82  R  -1
481  13.4  84  U  -1
482  13.61  84  L  -1
483  13.81  42  N  -1
484  14.01  2  L  -1
485  14.21  0  R  -1
486  14.42  2  N  -1
487  14.62  2  UL  -1
488  14.82  40  N  -1
489  15.02  80  L  -1
490  15.23  80  L  -1
491  15.43  40  UL  -1
492  15.63  0  N  -1
493  15.83  80  U  -1
494  16.04  80  R  -1
495  16.24  82  UR  -1
496  16.45  44  N  -1
497  16.65  4  UR  -1
498  16.85  47  U  -1
499  17.06  87  R  -1
500  17.26  89  L  -1
501  17.47  47  U  -1
502  17.67  7  UL  -1
503  17.87  84  R  -1
504  18.08  87  L  -1
505  18.28  84  L  -1
506  18.49  42  UR  -1
507  18.69  44  U  -1
508  18.89  84  R  -1
509  19.09  87  R  -1
510  19.3  89  R  -1
511  19.5  51  UL  -1
512  19.7  49  R  -1
513  19.9  92  UL  -1
514  20.11  89  UR  -1
515  20.31  92  UR  -1
516  20.51  14  U  -1
517  20.72  54  UR  -1
518  20.92  96  L  -1
519  21.12  94  U  -1
520  21.33  94  U  -1
521  21.53  14  U  -1
522  21.74  54  UL  -1
523  21.94  91  R  -1
524  22.14  94  U  -1
525  22.34  54  U  -1
526  22.54  14  N  -1
527  22.74  54  UL  -1
528  22.94  91  UR  -1
529  23.15  94  U  -1
530  23.35  54  N  -1
531  23.55  14  U  -1
532  23.75  54  R  -1
533  23.96  96  R  -1
534  24.16  99  U  -1
535  24.36  59  U  -1
536  24.57  19  R  -10
537  0.2  0  R  -1
538  0.4  42  UR  -1
539  0.61  44  N  -1
540  0.81  4  L  -1
541  1.01  2  UL  -1
542  1.21  40  N  -1
543  1.42  80  L  -1
544  1.62  80  R  -1
545  1.83  42  R  -1
546  2.03  4  UL  -1
547  2.24  42  N  -1
548  2.44  82  N  -1
549  2.64  82  UL  -1
550  2.84  40  N  -1
551  3.05  0  UL  -1
552  3.25  40  UL  -1
553  3.46  80  U  -1
554  3.66  80  R  -1
555  3.86  42  U  -1
556  4.07  2  UL  -1
557  4.27  80  L  -1
558  4.47  80  UL  -1
559  4.67  80  N  -1
560  4.88  40  L  -1
561  5.08  0  U  -1
562  5.28  40  L  -1
563  5.49  80  L  -1
564  5.69  80  UR  -1
565  5.9  42  L  -1
566  6.1  0  U  -1
567  6.31  40  UR  -1
568  6.51  82  U  -1
569  6.72  82  N  -1
570  6.92  42  U  -1
571  7.12  2  UR  -1
572  7.32  84  UR  -1
573  7.53  87  R  -1
574  7.73  89  R  -1
575  7.93  52  UL  2
576  8.14  9  L  -1
577  8.35  87  L  -1
578  8.55  84  N  -1
579  8.75  84  UR  -1
580  8.95  47  UR  -1
581  9.16  49  R  -1
582  9.36  91  U  -1
583  9.56  91  L  -1
584  9.77  89  UR  -1
585  9.97  12  L  -1
586  10.18  9  N  -1
587  10.38  9  R  -1
588  10.58  12  N  -1
589  10.78  12  UR  -1
590  10.99  54  R  -1
591  11.19  96  UL  -1
592  11.4  94  U  -1
593  11.6  54  U  -1
594  11.81  14  UR  -1
595  12.01  96  UR  -1
596  12.21  99  UL  -1
597  12.41  96  UL  -1
598  12.62  54  R  -1
599  12.82  16  UL  -10
600  0.2  0  R  -1
601  0.41  42  UR  -1
602  0.61  44  N  -1
603  0.81  4  UR  -1
604  1.02  47  U  -1
605  1.22  87  U  -1
606  1.42  87  U  -1
607  1.63  47  UR  -1
608  1.83  9  UR  -1
609  2.03  92  L  -1
610  2.24  89  UR  -1
611  2.44  92  R  -1
612  2.64  54  L  -1
613  2.85  12  N  -1
614  3.05  12  UL  -1
615  3.25  49  UL  -1
616  3.46  87  UL  -1
617  3.66  85  L  -1
618  3.86  42  UR  -1
619  4.06  5  R  -1
620  4.27  87  L  -1
621  4.47  85  N  -1
622  4.68  85  UR  -1
623  4.88  47  N  -1
624  5.09  7  N  -1
625  5.29  7  N  -1
626  5.5  7  R  -1
627  5.7  10  U  -1
628  5.9  50  UL  -1
629  6.11  87  U  -1
630  6.31  87  L  -1
631  6.52  45  N  -1
632  6.72  5  UL  -1
633  6.92  42  UR  -1
634  7.13  85  R  -1
635  7.33  87  N  -1
636  7.53  47  UR  -1
637  7.74  9  L  -1
638  7.94  87  UL  -1
639  8.14  84  UL  -1
640  8.35  82  R  -1
641  8.55  44  U  -1
642  8.75  4  U  -1
643  8.95  84  L  -1
644  9.16  82  N  -1
645  9.37  82  UL  -1
646  9.57  40  UL  -1
647  9.78  40  R  -1
648  9.98  82  UL  -1
649  10.18  80  N  -1
650  10.39  80  R  -1
651  10.59  2  R  -1
652  10.8  4  L  -1
653  11  2  N  -1
654  11.2  2  L  -1
655  11.4  0  UR  -1
656  11.61  42  U  -1
657  11.81  82  UR  -1
658  12.01  84  N  -1
659  12.22  44  UR  -1
660  12.42  7  R  -1
661  12.63  89  R  -1
662  12.83  92  R  -1
663  13.04  94  UL  -1
664  13.24  52  UR  2
665  13.45  54  R  -1
666  13.65  97  L  -1
667  13.85  94  UR  -1
668  14.06  97  UR  -1
669  14.26  59  UL  -1
670  14.46  57  L  -1
671  14.67  94  R  -1
672  14.87  97  UL  -1
673  15.07  94  N  -1
674  15.27  14  UR  -1
675  15.48  57  UL  -1
676  15.68  94  N  -1
677  15.89  94  UL  -1
678  16.09  92  UR  -1
679  16.29  14  L  -1
680  16.49  12  N  -1
681  16.7  12  UL  -1
682  16.9  49  L  -1
683  17.11  87  U  -1
684  17.31  87  U  -1
685  17.51  47  UL  -1
686  17.72  4  UL  -1
687  17.92  82  UR  -1
688  18.12  84  L  -1
689  18.33  82  N  -1
690  18.53  42  U  -1
691  18.73  2  R  -1
692  18.94  84  L  -1
693  19.14  82  L  -1
694  19.34  80  L  -1
695  19.55  40  N  -1
696  19.75  0  UL  -1
697  19.95  40  U  -1
698  20.15  80  N  -1
699  20.35  80  N  -1
700  20.56  40  UL  -1
701  20.76  0  UR  -1
702  20.97  82  L  -1
703  21.17  80  N  -1
704  21.37  80  U  -1
705  21.57  40  UL  -1
706  21.78  0  R  -1
707  21.98  82  UR  -1
708  22.18  84  L  -1
709  22.39  82  R  -1
710  22.59  44  R  -1
711  22.79  7  N  -1
712  23  7  L  -1
713  23.2  4  U  -1
714  23.4  44  U  -1
715  23.61  84  N  -1
716  23.81  84  UL  -1
717  24.01  42  UL  -1
718  24.21  0  N  -1
719  24.42  80  U  -1
720  24.62  80  L  -1
721  24.82  80  UR  -1
722  25.02  42  UL  -1
723  25.22  0  R  -1
724  25.42  82  UL  -1
725  25.63  80  U  -1
726  25.83  80  R  -1
727  26.04  42  L  -1
728  26.24  0  UL  -1
729  26.44  40  R  -1
730  26.65  82  UR  -1
731  26.85  84  L  -1
732  27.06  42  U  -1
733  27.26  2  N  -1
734  27.46  82  L  -1
735  27.66  80  U  -1
736  27.86  80  N  -1
737  28.06  40  UR  -1
738  28.27  2  U  -1
739  28.47  82  UL  -1
740  28.67  80  R  -1
741  28.88  82  UR  -1
742  29.08  44  L  -1
743  29.28  2  U  -1
744  29.49  42  UL  -1
745  29.69  80  U  -1
746  29.9  80  UR  -1
747  30.1  42  UR  -1
748  30.3  4  R  -1
749  30.51  87  R  -1
750  30.71  89  U  -1
751  30.92  89  UR  -1
752  31.12  52  L  2
753  31.32  9  N  -1
754  31.52  9  N  -1
755  31.73  9  R  -1
756  31.93  12  R  -1
757  32.14  14  L  -1
758  32.34  12  UL  -1
759  32.55  49  UR  -1
760  32.75  92  U  -1
761  32.96  92  UL  -1
762  33.16  49  N  -1
763  33.36  9  UL  -1
764  33.57  47  UL  -1
765  33.77  84  N  -1
766  33.97  84  L  -1
767  34.17  42  U  -1
768  34.38  2  R  -1
769  34.58  84  U  -1
770  34.78  84  UR  -1
771  34.99  87  N  -1
772  35.19  47  UL  -1
773  35.39  4  N  -1
774  35.6  84  R  -1
775  35.8  87  L  -1
776  36  84  R  -1
777  36.2  47  UR  -1
778  36.41  49  U  -1
779  36.61  89  N  -1
780  36.81  89  UL  -1
781  37.02  87  UL  -1
782  37.22  4  N  -1
783  37.43  4  N  -1
784  37.63  4  UR  -1
785  37.83  47  R  -1
786  38.03  89  N  -1
787  38.23  89  UR  -1
788  38.43  52  UR  2
789  38.63  14  U  -1
790  38.83  94  R  -1
791  39.04  97  L  -1
792  39.24  94  L  -1
793  39.44  52  UR  2
794  39.65  14  N  -1
795  39.85  94  UL  -1
796  40.05  92  UR  -1
797  40.25  94  N  -1
798  40.46  54  L  -1
799  40.66  12  U  -1
800  40.87  52  L  2
801  41.07  89  U  -1
802  41.27  89  R  -1
803  41.48  51  N  -1
804  41.68  11  UR  -1
805  41.89  54  UR  -1
806  42.09  96  L  -1
807  42.29  94  UR  -1
808  42.49  56  L  -1
809  42.69  14  N  -1
810  42.9  14  N  -1
811  43.1  14  L  -1
812  43.31  11  R  -1
813  43.51  14  R  -1
814  43.72  16  R  -10
815  0.21  0  R  -1
816  0.41  2  L  -1
817  0.61  0  U  -1
818  0.81  40  L  -1
819  1.02  80  U  -1
820  1.22  80  U  -1
821  1.42  40  UL  -1
822  1.63  0  R  -1
823  1.83  82  R  -1
824  2.03  84  L  -1
825  2.23  82  N  -1
826  2.43  42  L  -1
827  2.64  0  R  -1
828  2.84  2  R  -1
829  3.04  4  R  -1
830  3.24  7  L  -1
831  3.45  4  UL  -1
832  3.66  42  R  -1
833  3.86  84  U  -1
834  4.06  84  UL  -1
835  4.26  42  N  -1
836  4.46  2  UL  -1
837  4.67  40  U  -1
838  4.87  80  R  -1
839  5.08  82  U  -1
840  5.28  42  UR  -1
841  5.48  4  N  -1
842  5.69  84  UR  -1
843  5.89  87  UR  -1
844  6.09  89  L  -1
845  6.3  47  UL  -1
846  6.5  4  UR  -1
847  6.71  87  U  -1
848  6.91  87  R  -1
849  7.12  89  U  -1
850  7.32  49  U  -1
851  7.53  49  UL  -1
852  7.73  87  R  -1
853  7.93  89  L  -1
854  8.13  87  U  -1
855  8.34  7  R  -1
856  8.54  9  U  -1
857  8.75  49  R  -1
858  8.95  92  U  -1
859  9.15  92  U  -1
860  9.36  52  U  2
861  9.56  12  R  -1
862  9.76  94  R  -1
863  9.97  96  U  -1
864  10.17  96  L  -1
865  10.37  54  UL  -1
866  10.58  12  UR  -1
867  10.78  94  UL  -1
868  10.98  92  UL  -1
869  11.19  89  UR  -1
870  11.39  52  R  2
871  11.59  14  UL  -1
872  11.8  52  UR  2
873  12  94  UL  -1
874  12.2  92  UR  -1
875  12.4  54  R  -1
876  12.6  16  R  -10
877  0.2  0  R  -1
878  0.4  2  UR  -1
879  0.61  44  N  -1
880  0.81  84  U  -1
881  1.02  84  UR  -1
882  1.22  47  UR  -1
883  1.43  9  U  -1
884  1.63  89  UL  -1
885  1.84  87  U  -1
886  2.04  87  L  -1
887  2.25  44  UR  -1
888  2.45  47  N  -1
889  2.65  87  U  -1
890  2.86  87  L  -1
891  3.07  84  UR  -1
892  3.27  47  R  -1
893  3.48  9  U  -1
894  3.68  49  U  -1
895  3.89  89  L  -1
896  4.09  87  L  -1
897  4.29  44  U  -1
898  4.5  4  R  -1
899  4.7  87  R  -1
900  4.91  89  L  -1
901  5.11  87  U  -1
902  5.31  47  U  -1
903  5.51  7  U  -1
904  5.72  87  U  -1
905  5.92  87  R  -1
906  6.13  89  UL  -1
907  6.33  47  L  -1
908  6.53  4  N  -1
909  6.73  4  UL  -1
910  6.93  42  UL  -1
911  7.14  80  UR  -1
912  7.34  82  L  -1
913  7.55  40  R  -1
914  7.75  2  N  -1
915  7.96  2  UR  -1
916  8.16  45  R  -1
917  8.36  87  R  -1
918  8.56  89  UL  -1
919  8.77  47  UR  -1
920  8.97  10  L  -1
921  9.17  87  R  -1
922  9.38  90  UR  -1
923  9.58  92  U  -1
924  9.78  52  UR  2
925  9.99  14  UR  -1
926  10.19  97  R  -1
927  10.4  99  UR  -1
928  10.6  102  N  -1
929  10.8  62  UR  -1
930  11  64  UR  -1
931  11.21  107  UL  -1
932  11.41  104  R  -1
933  11.61  107  L  -1
934  11.82  24  U  -1
935  12.02  64  L  -1
936  12.23  102  UL  -1
937  12.43  99  L  -1
938  12.63  97  UR  -1
939  12.83  19  UR  -10
940  0.2  0  R  -1
941  0.41  42  N  -1
942  0.61  42  R  -1
943  0.81  4  UR  -1
944  1.01  47  U  -1
945  1.22  87  UR  -1
946  1.42  89  R  -1
947  1.62  92  R  -1
948  1.83  14  UR  -1
949  2.03  57  R  -1
950  2.24  99  R  -1
951  2.44  102  UR  -1
952  2.65  104  UL  -1
953  2.85  22  L  -1
954  3.05  59  L  -1
955  3.25  97  U  -1
956  3.45  97  N  -1
957  3.66  57  N  -1
958  3.86  17  UL  -10
959  0.2  0  R  -1
960  0.4  42  N  -1
961  0.61  42  U  -1
962  0.81  2  UR  -1
963  1.02  44  U  -1
964  1.22  84  N  -1
965  1.42  84  N  -1
966  1.63  84  R  -1
967  1.83  7  R  -1
968  2.03  9  UL  -1
969  2.24  47  L  -1
970  2.44  85  N  -1
971  2.64  85  UR  -1
972  2.85  47  UR  -1
973  3.05  9  U  -1
974  3.25  89  UR  -1
975  3.45  92  N  -1
976  3.66  92  L  -1
977  3.86  49  N  -1
978  4.07  9  N  -1
979  4.27  9  L  -1
980  4.48  7  L  -1
981  4.68  4  R  -1
982  4.88  7  R  -1
983  5.08  9  R  -1
984  5.29  12  N  -1
985  5.5  12  UL  -1
986  5.7  49  U  -1
987  5.9  89  UR  -1
988  6.1  92  L  -1
989  6.31  49  UL  -1
990  6.51  7  R  -1
991  6.71  89  UL  -1
992  6.92  87  U  -1
993  7.12  87  UL  -1
994  7.33  44  UR  -1
995  7.53  47  UL  -1
996  7.73  84  U  -1
997  7.93  84  UR  -1
998  8.14  87  N  -1
999  8.34  47  UL  -1
1000  8.54  44  U  -1
1001  8.75  84  UL  -1
1002  8.95  82  UR  -1
1003  9.16  84  U  -1
1004  9.36  4  U  -1
1005  9.56  44  UL  -1
1006  9.77  82  L  -1
1007  9.97  80  N  -1
1008  10.17  80  U  -1
1009  10.37  0  N  -1
1010  10.57  0  L  -1
1011  10.77  0  UR  -1
1012  10.98  42  U  -1
1013  11.19  82  R  -1
1014  11.39  84  UR  -1
1015  11.59  47  N  -1
1016  11.8  7  U  -1
1017  12  47  UR  -1
1018  12.2  89  L  -1
1019  12.41  87  L  -1
1020  12.61  44  R  -1
1021  12.82  7  N  -1
1022  13.02  7  U  -1
1023  13.22  47  UL  -1
1024  13.42  84  UL  -1
1025  13.62  82  R  -1
1026  13.83  44  U  -1
1027  14.03  4  R  -1
1028  14.23  87  U  -1
1029  14.44  87  UR  -1
1030  14.64  89  U  -1
1031  14.84  49  U  -1
1032  15.04  9  N  -1
1033  15.25  89  N  -1
1034  15.45  89  UR  -1
1035  15.65  91  R  -1
1036  15.86  54  U  -1
1037  16.06  54  UR  -1
1038  16.26  96  R  -1
1039  16.47  99  N  -1
1040  16.67  99  UL  -1
1041  16.88  56  N  -1
1042  17.08  16  N  -10
1043  0.2  0  R  -1
1044  0.41  2  R  -1
1045  0.61  5  R  -1
1046  0.82  7  UR  -1
1047  1.02  49  UR  -1
1048  1.22  92  U  -1
1049  1.42  92  L  -1
1050  1.62  49  UL  -1
1051  1.82  7  N  -1
1052  2.03  87  L  -1
1053  2.23  85  UL  -1
1054  2.43  82  U  -1
1055  2.64  42  UR  -1
1056  2.84  5  UL  -1
1057  3.05  82  U  -1
1058  3.25  82  U  -1
1059  3.46  82  L  -1
1060  3.66  40  R  -1
1061  3.87  2  UR  -1
1062  4.07  45  UL  -1
1063  4.27  82  N  -1
1064  4.48  82  R  -1
1065  4.68  45  U  -1
1066  4.89  5  U  -1
1067  5.09  85  R  -1
1068  5.29  87  U  -1
1069  5.49  87  R  -1
1070  5.7  49  U  -1
1071  5.9  9  UR  -1
1072  6.1  92  UL  -1
1073  6.31  89  UR  -1
1074  6.51  92  U  -1
1075  6.71  52  UL  2
1076  6.92  49  N  -1
1077  7.12  89  N  -1
1078  7.33  89  R  -1
1079  7.53  92  L  -1
1080  7.73  10  UR  -1
1081  7.93  52  UR  2
1082  8.13  94  R  -1
1083  8.34  97  UL  -1
1084  8.54  94  UL  -1
1085  8.74  12  UR  -1
1086  8.94  54  R  -1
1087  9.15  97  N  -1
1088  9.35  97  R  -1
1089  9.55  59  R  -1
1090  9.75  22  U  -1
1091  9.96  62  N  -1
1092  10.16  102  UL  -1
1093  10.36  99  N  -1
1094  10.57  59  UR  -1
1095  10.77  22  R  -1
1096  10.97  104  U  -1
1097  11.18  104  U  -1
1098  11.38  104  N  -1
1099  11.59  64  U  -1
1100  11.79  64  R  -1
1101  12  107  UR  -1
1102  12.2  109  N  -1
1103  12.41  109  U  -1
1104  12.61  69  R  -1
1105  12.81  31  UL  -1
1106  13.02  69  UR  -1
1107  13.22  111  UR  -1
1108  13.42  114  L  -1
1109  13.62  71  N  -1
1110  13.83  31  N  -1
1111  14.03  31  N  -1
1112  14.23  31  N  -1
1113  14.43  31  U  -1
1114  14.64  71  N  -1
1115  14.84  111  UR  -1
1116  15.04  114  U  -1
1117  15.25  74  L  -1
1118  15.45  31  UL  -1
1119  15.66  69  UR  -1
1120  15.86  111  UL  -1
1121  16.06  109  N  -1
1122  16.27  69  UR  -1
1123  16.47  31  R  -1
1124  16.67  114  UL  -1
1125  16.87  111  R  -1
1126  17.08  114  UR  -1
1127  17.28  76  U  -1
1128  17.49  36  L  -1
1129  17.69  114  UL  -1
1130  17.9  111  U  -1
1131  18.1  111  N  -1
1132  18.3  71  L  -1
1133  18.51  29  R  -1
1134  18.71  31  U  -1
1135  18.91  71  UR  -1
1136  19.12  114  UR  -1
1137  19.32  116  UL  -1
1138  19.52  74  R  -1
1139  19.72  36  R  -1
1140  19.92  39  U  50
1141  0.21  0  R  -1

